2824.9450209297725
539.026355030157
926.445764158151
927.0432584045278
926.8298233793485
926.8511646703998
926.8084825796947
926.9792227366446
926.8938487267332
926.8938487267332
926.4670966058083
926.9365347487852
927.0219126904057
927.6838584306728
929.5226995678637
925.465002361197
643.6651563227895
643.6799774313622
577.7367579599606
578.0960474057175
577.909721291803
577.923028308098
578.0694257118889
578.5354824001473
579.4553807188818
802.047334800666
802.3983001922252
802.3798245012877
802.1950909880544
802.2874524276131
801.9919332470791
802.3428743956453
802.3798245012877
802.3428743956453
802.3243999809208
801.9365355203654
803.0267268751192
759.8362344618812
759.6263129545542
759.7487601180766
759.8012435158516
760.151225499387
759.9587154634797
759.9762143610369
1582.4135752293034
1579.7923264883802
1575.5783335158164
385.9135255051149
386.25134079255173
386.25134079255173
386.2958121814543
386.26023466074
386.22466041668554
386.286917494072
386.286917494072
386.2424471291491
386.4025644065738
386.2958121814543
1542.659223001201
440.7577932415361
