366.6907882036976
366.1761043318333
366.36164468296846
366.19296775290996
367.11319968796414
210.35362472647438
210.33909451471945
210.3245653066413
210.28582565810282
190.5943402487777
190.65140054772098
190.5723985275357
190.62945225754743
190.58995170243642
190.58556325714397
190.99412125842974
190.67774183164227
194.55392641591746
194.51809155887136
194.55392641591746
194.48674147340174
194.3837696199843
182.80160309550706
182.87317286407384
182.89001688142753
182.89001688142753
182.84790974672347
218.32828332124868
218.41376235668537
218.4187915773195
218.4288503660003
218.3886179904739
218.4590295115375
218.29309579556556
