536.8092614363629
536.9452440471188
627.2201471210581
627.2490323413756
627.2923626660784
842.015332955409
842.0347212981613
842.3062049773957
1001.290279347138
1001.2441692874495
807.7742411884534
1001.1289034278809
1006.6766611043644
1111.194287280148
1111.6549342268795
1111.7061290072763
475.5760768986301
475.56512648084885
475.56512648084885
1124.009546959129
990.3985594762904
990.4213645084349
647.4407045688157
647.4854297329981
647.4854297329981
647.5152482255579
647.4705210016568
1043.686341535057
919.7080758688741
919.686899051627
770.9034690644293
770.9389712986125
770.9212199771544
1067.7264467701887
1067.7264467701887
1105.1977701203782
1105.1977701203782
1157.5239882550215
1157.5506415366779
1157.49733558707
1157.5506415366779
525.9324892569822
770.7437292414158
1024.0001022367003
463.4255777083348
1650.516993018609
771.6493594273849
883.8122158772547
822.1479912127412
821.296552834555
1641.6856423330426
653.6872285551184
653.6119743637836
1597.5703806125707
1104.3583011669089
1039.0345763959108
1037.28954357387
1039.2738504949732
858.4203408875206
860.2209198036518
860.2209198036518
860.2803438120588
1763.8433010231574
1763.8433010231574
772.4493285455469
758.7173230533493
1075.325636983125
1075.325636983125
1075.3751586990327
1075.276117547726
