386.20687452331225
386.53604617443574
386.2958121814543
386.10017636183625
387.5430920490214
521.5428549285854
526.3686315493478
526.5504642335967
526.5989635570241
526.7081033684129
526.7081033684129
526.7323597314758
526.7808758088703
320.0737071848268
606.6106070333553
471.5741601928448
510.75191071915725
465.4896188757924
323.3776494972175
277.9457258495804
277.9393259864121
277.95212586011337
277.95852601801306
268.98000665835485
268.93046327331797
268.99858778072644
633.8259266007714
426.02982132187606
426.13774167930086
426.1475539763838
426.15736649940675
426.1475539763838
