1217.1945524302942
1112.6536578219873
1112.6280383196831
1112.6536578219873
1112.6280383196831
1112.6536578219873
1112.7048985963645
1111.9109317065597
1690.4409316432632
1690.4409316432632
1690.4798559322937
1690.4409316432632
1690.4409316432632
1072.3585035789868
1072.457275995743
1072.457275995743
1072.4078886502055
1072.4819705214131
1072.5066656157042
1072.4819705214131
1648.8076736178139
1648.7697088551943
1648.7697088551943
1648.7697088551943
1648.7697088551943
1648.7697088551943
1648.7697088551943
1648.7697088551943
1708.4410578644904
1708.4410578644904
1708.4410578644904
1708.4410578644904
1708.4410578644904
1708.4410578644904
1708.6771040243336
1708.559076868041
1708.6771040243336
