58.78141008668963
58.78276359425858
58.78141008668963
58.78141008668963
58.78276359425858
58.78411713299343
62.58496302673474
62.6354208771341
62.63686312760256
62.63830541128057
62.63686312760256
62.632536475822285
62.17560215576072
60.400425766255516
60.40181655346723
60.40181655346723
60.40320737270349
60.40738002256598
60.41850849812481
76.23598220326258
60.25734606812996
76.05714166830708
75.89794199929601
76.04838577031572
76.05714166830708
76.05013686927006
92.48472296865324
92.4932415187183
92.50389080968536
92.51241112525513
