144.19493314163975
144.70048940855477
144.52733679215817
145.35835517458096
132.55923832610657
134.42808131053312
170.9582249801871
171.45888690466248
167.84947994750297
135.7312972886558
159.52913119211053
175.67501528660742
180.28101727197568
181.3468432043849
98.71201108716487
93.36626806355505
118.3504735527281
119.0501645447925
118.81738775009019
119.14065955618071
119.16809586544761
119.27515785515368
119.20651731327466
108.20317389444305
97.9783225970335
98.02571077247752
98.00991216790399
98.03248238256855
98.01668268662837
98.92134211084128
98.9623500738337
