261.25222627570076
66.94991038056891
64.73959824940302
67.33176515694709
63.34903446998579
63.37237741643961
63.33882463485355
63.389890270804024
63.23681674219794
63.289257408593755
60.22544255347572
60.28510199203713
63.33007465728986
63.867512254901094
60.28093778854989
84.08334878540975
84.56292565362466
84.2209236473893
267.818146452916
78.28526030882023
70.03417225155
76.44516106043996
77.71055309374161
77.69266163753852
75.66934940893117
264.78293998909237
58.05103937887719
93.1408077568056
80.57123118139086
82.30571650884656
