94.54313517864675
95.10864622991004
108.21812374803211
108.13841505707438
108.16082719048134
108.19071726075713
108.1782620611116
108.15086566889995
108.18075298632553
108.32033637766139
108.45011078622022
154.1061603982527
112.54080051162556
151.2968896772124
112.608195723529
97.5685835108901
97.67872901926903
97.70797216190886
97.75072788868498
97.7799925864086
97.80250985403775
97.8070139297721
97.84755994665811
97.8453069492677
97.90615609140615
97.9602759852351
173.78008287493762
173.9442191455793
174.09247519589002
174.0523935368199
174.01232110583
173.98828207583128
174.08445812572748
174.08846661465896
104.11420805296825
145.65654359286896
145.88478511017678
145.07747890889115
68.9826700179845
68.66256133866133
68.70842605318508
68.68311759584653
68.71317242704488
116.79923546071078
68.78757510509587
117.09544462438677
117.05500827411171
117.10083719305933
117.09544462438677
117.20604193376687
117.18985043916341
117.25192998482211
117.42755003054137
117.54387398615579
117.55199390976512
68.41321498872945
117.79856500285484
144.32447953017237
144.3710117451932
142.69212315793638
114.79685759112617
114.84180240775198
105.89366997893737
105.90830074072757
105.91805570493361
